0 432.41 611.86
1 241.75 611.88
2 464.14 611.76
3 210.07 611.79
4 400.77 611.92
5 368.75 611.57
6 337.07 611.83
7 305.31 611.77
8 273.69 611.94
9 559.28 556.94
10 527.44 556.72
11 495.72 556.94
12 368.72 556.94
13 305.28 557.06
14 178.28 557.06
15 146.44 556.72
16 114.72 556.94
17 463.95 556.77
18 209.95 556.77
19 337.07 556.83
20 400.62 556.9
21 273.62 556.9
22 464.0 502.0
23 210.0 502.0
24 591.0 502.0
25 559.45 501.86
26 527.28 501.94
27 400.5 502.0
28 368.71 501.93
29 305.11 502.03
30 273.5 502.0
31 146.28 501.94
32 114.71 501.93
33 83.0 502.0
34 495.87 501.91
35 337.0 502.0
36 178.0 502.0
37 432.21 501.97
38 241.5 502.0
39 623.0 447.0
40 591.2 447.0
41 83.0 447.0
42 51.0 447.0
43 527.79 446.93
44 146.5 447.0
45 559.28 446.94
46 495.89 446.97
47 464.0 447.0
48 432.23 447.08
49 400.77 446.92
50 368.96 446.95
51 305.5 447.0
52 273.77 446.92
53 241.83 446.93
54 210.0 447.0
55 178.11 447.03
56 114.77 446.92
57 337.0 447.0
58 623.0 392.0
59 51.28 392.06
60 591.5 392.0
61 337.14 392.05
62 82.93 392.04
63 559.28 391.94
64 527.5 392.0
65 464.0 392.0
66 400.5 392.0
67 273.5 392.0
68 210.0 392.0
69 146.5 392.0
70 114.72 392.06
71 496.0 392.0
72 432.42 392.02
73 369.0 392.0
74 305.14 392.07
75 241.81 391.92
76 178.14 392.07
77 495.61 337.13
78 178.33 337.22
79 623.0 337.0
80 591.0 337.0
81 559.23 337.08
82 464.0 337.0
83 210.0 337.0
84 114.83 336.93
85 83.0 337.0
86 51.17 337.07
87 432.33 337.07
88 369.0 337.0
89 305.24 337.04
90 241.77 337.0
91 527.79 337.03
92 400.79 337.03
93 273.79 337.03
94 146.79 337.03
95 337.18 337.18
96 623.0 282.0
97 51.28 282.06
98 591.04 282.07
99 336.95 282.14
100 82.94 282.06
101 559.72 282.06
102 527.72 282.06
103 464.17 282.07
104 400.55 282.14
105 273.55 282.14
106 210.0 282.0
107 146.72 282.06
108 114.72 282.06
109 496.0 282.0
110 432.42 282.02
111 369.0 282.0
112 305.14 282.07
113 241.85 282.09
114 178.14 282.07
115 591.0 227.5
116 83.0 227.0
117 623.05 227.09
118 51.0 227.0
119 527.86 226.95
120 369.0 227.0
121 305.33 227.22
122 146.5 227.0
123 559.31 227.15
124 495.8 227.39
125 464.0 227.0
126 432.23 227.08
127 400.6 227.15
128 273.6 227.16
129 241.93 227.17
130 210.0 227.0
131 178.37 227.26
132 114.82 227.11
133 337.0 227.0
134 591.25 172.43
135 464.0 172.0
136 210.0 172.0
137 83.0 172.0
138 559.55 172.14
139 527.72 172.06
140 495.58 172.29
141 400.55 172.14
142 368.75 172.29
143 305.37 172.26
144 273.55 172.14
145 178.29 172.42
146 146.72 172.06
147 114.55 172.14
148 432.33 172.18
149 337.17 172.33
150 241.82 172.33
151 527.5 117.5
152 146.56 117.28
153 559.12 117.4
154 495.94 117.28
155 464.27 117.42
156 368.94 117.28
157 305.28 117.06
158 209.94 117.31
159 178.25 117.13
160 114.59 117.14
161 337.16 117.1
162 273.5 117.5
163 400.62 117.1
164 432.12 62.4
165 241.59 62.14
166 464.07 62.21
167 368.62 62.26
168 305.25 62.43
169 210.07 62.21
170 400.65 62.32
171 337.07 62.17
172 273.56 62.28
 