0(324.0,466.0)
1(211.0,466.0)
2(380.5,434.5)
3(268.0,434.8)
4(155.5,434.5)
5(436.0,401.0)
6(99.0,401.0)
7(324.1,402.4)
8(212.0,402.0)
9(380.4,369.9)
10(155.6,369.9)
11(268.0,369.8)
12(436.5,337.5)
13(99.5,337.5)
14(324.2,337.5)
15(212.2,337.5)
16(492.0,304.0)
17(43.0,304.0)
18(380.5,305.0)
19(156.0,305.0)
20(268.0,305.0)
21(436.5,272.5)
22(100.0,272.2)
23(324.4,272.8)
24(212.0,272.5)
25(493.0,240.0)
26(44.0,240.0)
27(380.5,240.2)
28(156.0,240.0)
29(268.1,240.1)
30(436.4,207.9)
31(99.9,207.6)
32(324.2,207.7)
33(212.1,207.5)
34(492.0,174.0)
35(43.0,174.0)
36(380.3,175.4)
37(268.0,175.4)
38(155.6,175.3)
39(436.5,143.0)
40(324.3,143.1)
41(212.0,143.0)
42(99.5,143.0)
43(380.5,110.5)
44(155.9,110.5)
45(268.0,110.5)
46(436.0,77.0)
47(99.0,77.0)
48(324.0,78.0)
49(212.0,78.0)
50(380.0,46.0)
51(155.5,46.0)
52(268.0,45.8)
53(325.0,13.0)
54(213.0,13.0)
