0 367.0 633.0
1 306.0 632.5
2 397.38 632.44
3 336.56 632.38
4 275.39 632.41
5 367.0 595.5
6 306.0 595.5
7 459.0 595.0
8 428.0 595.5
9 336.5 595.5
10 214.5 595.5
11 245.0 595.5
12 397.47 595.62
13 275.72 595.94
14 458.0 558.0
15 214.0 558.0
16 366.78 558.33
17 306.13 558.39
18 519.39 558.69
19 427.84 558.56
20 397.5 558.5
21 275.5 558.5
22 245.16 558.44
23 153.5 558.5
24 336.5 558.5
25 519.33 521.92
26 458.5 521.5
27 367.0 521.5
28 306.0 521.5
29 214.5 521.5
30 153.93 521.79
31 549.9 521.54
32 488.79 521.74
33 427.57 521.94
34 245.06 521.28
35 184.5 521.5
36 123.0 521.5
37 397.42 521.71
38 336.6 521.56
39 275.71 521.58
40 489.0 484.8
41 183.97 484.82
42 458.5 484.5
43 367.0 485.0
44 306.0 484.5
45 214.5 484.5
46 122.92 484.72
47 580.25 484.43
48 549.71 484.52
49 519.5 484.5
50 153.5 484.5
51 92.62 484.53
52 427.96 484.76
53 397.5 484.5
54 336.6 484.56
55 275.61 484.31
56 245.04 484.24
57 610.5 447.5
58 519.38 447.74
59 427.62 447.53
60 245.38 447.47
61 153.74 447.62
62 62.38 447.47
63 580.4 447.44
64 549.96 447.76
65 489.0 447.5
66 458.39 447.69
67 397.5 447.5
68 367.14 447.55
69 336.5 447.5
70 306.14 447.45
71 275.5 447.5
72 214.5 447.5
73 184.03 447.57
74 123.39 447.69
75 92.98 447.45
76 611.0 410.0
77 367.18 410.09
78 306.18 410.09
79 62.29 410.36
80 519.07 410.79
81 153.93 410.79
82 580.5 410.5
83 550.07 410.83
84 458.5 410.5
85 214.5 410.5
86 123.07 410.83
87 92.5 410.5
88 488.68 410.52
89 427.84 410.56
90 397.5 410.5
91 275.5 410.5
92 245.04 410.24
93 184.44 410.6
94 336.5 410.5
95 397.44 373.72
96 275.5 373.5
97 610.56 373.38
98 580.25 373.43
99 549.94 373.72
100 458.5 373.5
101 336.5 373.5
102 214.5 373.5
103 122.94 373.72
104 92.5 373.5
105 62.22 373.67
106 519.0 373.5
107 488.5 373.5
108 427.84 373.56
109 367.0 373.5
110 306.16 373.44
111 245.29 373.42
112 184.25 373.63
113 153.6 373.44
114 611.1 336.77
115 580.5 336.5
116 549.94 336.72
117 488.79 336.74
118 458.5 336.5
119 214.62 336.53
120 184.5 336.5
121 123.5 336.5
122 92.75 336.57
123 62.5 336.5
124 367.18 336.59
125 306.0 336.5
126 519.5 336.5
127 427.87 336.52
128 397.5 336.5
129 275.5 336.5
130 245.25 336.5
131 153.6 336.34
132 336.74 336.61
133 397.5 299.5
134 275.5 299.5
135 610.5 299.5
136 580.26 299.38
137 549.94 299.72
138 458.5 299.5
139 336.5 299.5
140 214.5 299.5
141 122.94 299.72
142 92.75 299.57
143 62.38 299.44
144 519.32 299.52
145 488.6 299.56
146 427.84 299.56
147 367.0 299.5
148 306.0 299.5
149 245.04 299.24
150 184.26 299.63
151 153.59 299.43
152 610.71 262.64
153 62.0 263.0
154 366.88 262.6
155 305.88 262.6
156 580.26 262.38
157 549.5 262.5
158 519.5 262.5
159 458.25 262.43
160 214.5 262.5
161 154.29 262.48
162 123.1 262.57
163 92.5 262.5
164 488.75 262.38
165 427.74 262.37
166 397.5 262.5
167 336.5 262.5
168 275.5 262.5
169 245.29 262.42
170 184.0 262.5
171 611.06 225.28
172 519.5 225.5
173 427.91 225.78
174 244.92 225.77
175 153.74 225.62
176 62.06 225.28
177 580.5 225.5
178 550.0 225.5
179 458.5 225.5
180 397.5 225.5
181 366.68 225.52
182 336.69 225.57
183 306.0 225.5
184 275.5 225.5
185 214.71 225.58
186 123.5 225.5
187 92.58 225.58
188 489.05 225.47
189 184.35 225.51
190 489.0 188.8
191 184.5 188.5
192 458.5 188.5
193 367.0 188.5
194 306.0 188.5
195 214.5 188.5
196 549.93 188.21
197 519.38 188.44
198 153.44 188.63
199 122.95 188.14
200 92.5 188.5
201 580.44 188.29
202 427.9 188.38
203 397.24 188.41
204 336.41 188.43
205 275.58 188.29
206 245.04 188.24
207 519.07 151.79
208 458.5 151.5
209 367.18 151.45
210 306.0 151.5
211 214.5 151.5
212 153.91 151.73
213 549.9 151.54
214 488.9 151.54
215 427.57 151.94
216 245.06 151.28
217 184.5 151.5
218 123.0 151.5
219 397.69 151.61
220 336.5 151.5
221 275.61 151.31
222 458.0 114.0
223 214.0 114.0
224 366.78 114.33
225 306.21 114.26
226 519.5 114.5
227 427.84 114.56
228 397.5 114.5
229 275.5 114.5
230 245.29 114.42
231 153.5 114.5
232 336.34 114.4
233 367.0 77.5
234 306.0 77.5
235 459.0 77.5
236 215.0 77.5
237 427.77 77.54
238 336.5 77.5
239 245.0 77.5
240 397.38 77.47
241 275.53 77.38
242 367.0 40.38
243 306.0 40.0
244 397.23 40.45
245 336.77 40.55
246 275.39 40.59
 