0 257.5 447.5
1 203.88 434.25
2 348.5 421.0
3 150.5 421.0
4 295.17 407.72
5 242.0 394.5
6 386.72 381.06
7 188.62 381.21
8 333.4 368.08
9 135.4 368.08
10 82.0 355.0
11 280.0 355.0
12 424.5 342.0
13 226.33 341.92
14 371.38 328.79
15 173.5 328.5
16 318.18 315.45
17 120.18 315.45
18 66.94 302.28
19 264.79 302.14
20 409.5 289.0
21 211.67 289.08
22 356.05 275.86
23 158.0 276.0
24 302.86 262.79
25 104.82 262.55
26 447.5 249.5
27 51.5 249.5
28 249.5 249.5
29 394.21 236.38
30 196.09 236.27
31 341.0 223.0
32 142.95 223.14
33 287.5 210.0
34 89.5 210.0
35 432.28 196.94
36 234.21 196.86
37 379.0 183.5
38 181.0 183.5
39 127.62 170.21
40 325.5 170.5
41 74.5 157.0
42 272.67 157.08
43 417.0 144.0
44 219.14 144.05
45 363.6 130.92
46 165.96 130.93
47 112.5 117.5
48 310.5 117.5
49 257.18 104.45
50 203.83 91.28
51 348.5 78.0
52 150.5 78.0
53 295.28 65.06
54 241.5 51.5
 